1.04, 1.04, 1.08, 1.08, 1.09, 1.09, 1.18, 1.18, 1.13, 1.13, 1.10, 1.10, 1.07, 1.07, 1.04, 1.04
1.04, 1.04, 1.08, 1.08, 1.09, 1.09, 1.18, 1.18, 1.13, 1.13, 1.10, 1.10, 1.07, 1.07, 1.04, 1.04
1.04, 1.04, 1.08, 1.08, 1.09, 1.09, 1.18, 1.18, 1.13, 1.13, 1.10, 1.10, 1.07, 1.07, 1.04, 1.04
1.04, 1.04, 1.08, 1.08, 1.09, 1.09, 1.18, 1.18, 1.13, 1.13, 1.10, 1.10, 1.07, 1.07, 1.04, 1.04
1.04, 1.04, 1.08, 1.08, 1.09, 1.09, 1.18, 1.18, 1.35, 1.35, 1.29, 1.29, 1.13, 1.13, 1.10, 1.10
1.04, 1.04, 1.08, 1.08, 1.09, 1.09, 1.18, 1.18, 1.35, 1.35, 1.29, 1.29, 1.13, 1.13, 1.10, 1.10
1.04, 1.04, 1.08, 1.08, 1.09, 1.09, 1.18, 1.18, 1.55, 1.55, 1.35, 1.35, 1.13, 1.13, 1.10, 1.10
1.04, 1.04, 1.08, 1.08, 1.09, 1.09, 1.18, 1.18, 1.55, 1.55, 1.35, 1.35, 1.13, 1.13, 1.10, 1.10
1.04, 1.04, 1.08, 1.08, 1.09, 1.09, 1.18, 1.18, 1.57, 1.57, 1.35, 1.35, 1.14, 1.14, 1.10, 1.10
1.04, 1.04, 1.08, 1.08, 1.09, 1.09, 1.18, 1.18, 1.57, 1.57, 1.35, 1.35, 1.14, 1.14, 1.10, 1.10
1.04, 1.04, 1.08, 1.08, 1.09, 1.09, 1.18, 1.18, 1.35, 1.35, 1.29, 1.29, 1.14, 1.14, 1.10, 1.10
1.04, 1.04, 1.08, 1.08, 1.09, 1.09, 1.18, 1.18, 1.35, 1.35, 1.29, 1.29, 1.14, 1.14, 1.10, 1.10
1.04, 1.04, 1.08, 1.08, 1.09, 1.09, 1.18, 1.18, 1.14, 1.14, 1.10, 1.10, 1.08, 1.08, 1.05, 1.05
1.04, 1.04, 1.08, 1.08, 1.09, 1.09, 1.18, 1.18, 1.14, 1.14, 1.10, 1.10, 1.08, 1.08, 1.05, 1.05
1.04, 1.04, 1.08, 1.08, 1.09, 1.09, 1.18, 1.18, 1.14, 1.14, 1.10, 1.10, 1.08, 1.08, 1.05, 1.05
1.04, 1.04, 1.08, 1.08, 1.09, 1.09, 1.18, 1.18, 1.14, 1.14, 1.10, 1.10, 1.08, 1.08, 1.05, 1.05
