1.03, 1.03, 1.07, 1.07, 1.08, 1.08, 1.06, 1.06, 1.12, 1.12, 1.16, 1.16, 1.16, 1.16, 1.24, 1.24, 1.13, 1.13, 1.11, 1.11, 1.10, 1.10, 1.08, 1.08, 1.07, 1.07, 1.06, 1.06, 1.04, 1.04, 1.03, 1.03
1.03, 1.03, 1.07, 1.07, 1.08, 1.08, 1.06, 1.06, 1.12, 1.12, 1.16, 1.16, 1.16, 1.16, 1.24, 1.24, 1.13, 1.13, 1.11, 1.11, 1.10, 1.10, 1.08, 1.08, 1.07, 1.07, 1.06, 1.06, 1.04, 1.04, 1.03, 1.03
1.03, 1.03, 1.07, 1.07, 1.17, 1.17, 1.08, 1.08, 1.12, 1.12, 1.16, 1.16, 1.16, 1.16, 1.24, 1.24, 1.13, 1.13, 1.11, 1.11, 1.10, 1.10, 1.08, 1.08, 1.07, 1.07, 1.06, 1.06, 1.04, 1.04, 1.03, 1.03
1.03, 1.03, 1.07, 1.07, 1.17, 1.17, 1.08, 1.08, 1.12, 1.12, 1.16, 1.16, 1.16, 1.16, 1.24, 1.24, 1.13, 1.13, 1.11, 1.11, 1.10, 1.10, 1.08, 1.08, 1.07, 1.07, 1.06, 1.06, 1.04, 1.04, 1.03, 1.03
1.03, 1.03, 1.07, 1.07, 1.17, 1.17, 1.08, 1.08, 1.12, 1.12, 1.16, 1.16, 1.16, 1.16, 1.24, 1.24, 1.13, 1.13, 1.11, 1.11, 1.10, 1.10, 1.08, 1.08, 1.07, 1.07, 1.06, 1.06, 1.04, 1.04, 1.03, 1.03
1.03, 1.03, 1.07, 1.07, 1.17, 1.17, 1.08, 1.08, 1.12, 1.12, 1.16, 1.16, 1.16, 1.16, 1.24, 1.24, 1.13, 1.13, 1.11, 1.11, 1.10, 1.10, 1.08, 1.08, 1.07, 1.07, 1.06, 1.06, 1.04, 1.04, 1.03, 1.03
1.03, 1.03, 1.07, 1.07, 1.08, 1.08, 1.06, 1.06, 1.12, 1.12, 1.16, 1.16, 1.16, 1.16, 1.24, 1.24, 1.13, 1.13, 1.11, 1.11, 1.10, 1.10, 1.08, 1.08, 1.07, 1.07, 1.06, 1.06, 1.04, 1.04, 1.03, 1.03
1.03, 1.03, 1.07, 1.07, 1.08, 1.08, 1.06, 1.06, 1.12, 1.12, 1.16, 1.16, 1.16, 1.16, 1.24, 1.24, 1.13, 1.13, 1.11, 1.11, 1.10, 1.10, 1.08, 1.08, 1.07, 1.07, 1.06, 1.06, 1.04, 1.04, 1.03, 1.03
1.03, 1.03, 1.07, 1.07, 1.08, 1.08, 1.06, 1.06, 1.12, 1.12, 1.16, 1.16, 1.16, 1.16, 1.24, 1.24, 1.35, 1.35, 1.31, 1.31, 1.29, 1.29, 1.26, 1.26, 1.13, 1.13, 1.11, 1.11, 1.10, 1.10, 1.08, 1.08
1.03, 1.03, 1.07, 1.07, 1.08, 1.08, 1.06, 1.06, 1.12, 1.12, 1.16, 1.16, 1.16, 1.16, 1.24, 1.24, 1.35, 1.35, 1.31, 1.31, 1.29, 1.29, 1.26, 1.26, 1.13, 1.13, 1.11, 1.11, 1.10, 1.10, 1.08, 1.08
1.03, 1.03, 1.07, 1.07, 1.17, 1.17, 1.08, 1.08, 1.12, 1.12, 1.16, 1.16, 1.16, 1.16, 1.24, 1.24, 1.35, 1.35, 1.31, 1.31, 1.29, 1.29, 1.26, 1.26, 1.13, 1.13, 1.11, 1.11, 1.10, 1.10, 1.08, 1.08
1.03, 1.03, 1.07, 1.07, 1.17, 1.17, 1.08, 1.08, 1.12, 1.12, 1.16, 1.16, 1.16, 1.16, 1.24, 1.24, 1.35, 1.35, 1.31, 1.31, 1.29, 1.29, 1.26, 1.26, 1.13, 1.13, 1.11, 1.11, 1.10, 1.10, 1.08, 1.08
1.03, 1.03, 1.07, 1.07, 1.17, 1.17, 1.08, 1.08, 1.12, 1.12, 1.16, 1.16, 1.16, 1.16, 1.24, 1.24, 1.55, 1.55, 1.50, 1.50, 1.35, 1.35, 1.31, 1.31, 1.13, 1.13, 1.11, 1.11, 1.10, 1.10, 1.08, 1.08
1.03, 1.03, 1.07, 1.07, 1.17, 1.17, 1.08, 1.08, 1.12, 1.12, 1.16, 1.16, 1.16, 1.16, 1.24, 1.24, 1.55, 1.55, 1.50, 1.50, 1.35, 1.35, 1.31, 1.31, 1.13, 1.13, 1.11, 1.11, 1.10, 1.10, 1.08, 1.08
1.03, 1.03, 1.07, 1.07, 1.08, 1.08, 1.06, 1.06, 1.12, 1.12, 1.16, 1.16, 1.16, 1.16, 1.24, 1.24, 1.76, 1.76, 1.55, 1.55, 1.35, 1.35, 1.31, 1.31, 1.13, 1.13, 1.11, 1.11, 1.10, 1.10, 1.08, 1.08
1.03, 1.03, 1.07, 1.07, 1.08, 1.08, 1.06, 1.06, 1.12, 1.12, 1.16, 1.16, 1.16, 1.16, 1.24, 1.24, 1.76, 1.76, 1.55, 1.55, 1.35, 1.35, 1.31, 1.31, 1.13, 1.13, 1.11, 1.11, 1.10, 1.10, 1.08, 1.08
1.03, 1.03, 1.07, 1.07, 1.08, 1.08, 1.06, 1.06, 1.12, 1.12, 1.16, 1.16, 1.16, 1.16, 1.24, 1.24, 1.77, 1.77, 1.56, 1.56, 1.35, 1.35, 1.32, 1.32, 1.14, 1.14, 1.12, 1.12, 1.10, 1.10, 1.08, 1.08
1.03, 1.03, 1.07, 1.07, 1.08, 1.08, 1.06, 1.06, 1.12, 1.12, 1.16, 1.16, 1.16, 1.16, 1.24, 1.24, 1.77, 1.77, 1.56, 1.56, 1.35, 1.35, 1.32, 1.32, 1.14, 1.14, 1.12, 1.12, 1.10, 1.10, 1.08, 1.08
1.03, 1.03, 1.07, 1.07, 1.17, 1.17, 1.08, 1.08, 1.12, 1.12, 1.16, 1.16, 1.16, 1.16, 1.24, 1.24, 1.56, 1.56, 1.51, 1.51, 1.35, 1.35, 1.32, 1.32, 1.14, 1.14, 1.12, 1.12, 1.10, 1.10, 1.08, 1.08
1.03, 1.03, 1.07, 1.07, 1.17, 1.17, 1.08, 1.08, 1.12, 1.12, 1.16, 1.16, 1.16, 1.16, 1.24, 1.24, 1.56, 1.56, 1.51, 1.51, 1.35, 1.35, 1.32, 1.32, 1.14, 1.14, 1.12, 1.12, 1.10, 1.10, 1.08, 1.08
1.03, 1.03, 1.07, 1.07, 1.17, 1.17, 1.08, 1.08, 1.12, 1.12, 1.16, 1.16, 1.16, 1.16, 1.24, 1.24, 1.35, 1.35, 1.32, 1.32, 1.29, 1.29, 1.26, 1.26, 1.14, 1.14, 1.12, 1.12, 1.10, 1.10, 1.08, 1.08
1.03, 1.03, 1.07, 1.07, 1.17, 1.17, 1.08, 1.08, 1.12, 1.12, 1.16, 1.16, 1.16, 1.16, 1.24, 1.24, 1.35, 1.35, 1.32, 1.32, 1.29, 1.29, 1.26, 1.26, 1.14, 1.14, 1.12, 1.12, 1.10, 1.10, 1.08, 1.08
1.03, 1.03, 1.07, 1.07, 1.08, 1.08, 1.06, 1.06, 1.12, 1.12, 1.16, 1.16, 1.16, 1.16, 1.24, 1.24, 1.35, 1.35, 1.32, 1.32, 1.29, 1.29, 1.26, 1.26, 1.14, 1.14, 1.12, 1.12, 1.10, 1.10, 1.08, 1.08
1.03, 1.03, 1.07, 1.07, 1.08, 1.08, 1.06, 1.06, 1.12, 1.12, 1.16, 1.16, 1.16, 1.16, 1.24, 1.24, 1.35, 1.35, 1.32, 1.32, 1.29, 1.29, 1.26, 1.26, 1.14, 1.14, 1.12, 1.12, 1.10, 1.10, 1.08, 1.08
1.03, 1.03, 1.07, 1.07, 1.08, 1.08, 1.06, 1.06, 1.12, 1.12, 1.16, 1.16, 1.16, 1.16, 1.24, 1.24, 1.14, 1.14, 1.12, 1.12, 1.10, 1.10, 1.08, 1.08, 1.08, 1.08, 1.06, 1.06, 1.05, 1.05, 1.03, 1.03
1.03, 1.03, 1.07, 1.07, 1.08, 1.08, 1.06, 1.06, 1.12, 1.12, 1.16, 1.16, 1.16, 1.16, 1.24, 1.24, 1.14, 1.14, 1.12, 1.12, 1.10, 1.10, 1.08, 1.08, 1.08, 1.08, 1.06, 1.06, 1.05, 1.05, 1.03, 1.03
1.03, 1.03, 1.07, 1.07, 1.17, 1.17, 1.08, 1.08, 1.12, 1.12, 1.16, 1.16, 1.16, 1.16, 1.24, 1.24, 1.14, 1.14, 1.12, 1.12, 1.10, 1.10, 1.08, 1.08, 1.08, 1.08, 1.06, 1.06, 1.05, 1.05, 1.03, 1.03
1.03, 1.03, 1.07, 1.07, 1.17, 1.17, 1.08, 1.08, 1.12, 1.12, 1.16, 1.16, 1.16, 1.16, 1.24, 1.24, 1.14, 1.14, 1.12, 1.12, 1.10, 1.10, 1.08, 1.08, 1.08, 1.08, 1.06, 1.06, 1.05, 1.05, 1.03, 1.03
1.03, 1.03, 1.07, 1.07, 1.17, 1.17, 1.08, 1.08, 1.12, 1.12, 1.16, 1.16, 1.16, 1.16, 1.24, 1.24, 1.14, 1.14, 1.12, 1.12, 1.10, 1.10, 1.08, 1.08, 1.08, 1.08, 1.06, 1.06, 1.05, 1.05, 1.03, 1.03
1.03, 1.03, 1.07, 1.07, 1.17, 1.17, 1.08, 1.08, 1.12, 1.12, 1.16, 1.16, 1.16, 1.16, 1.24, 1.24, 1.14, 1.14, 1.12, 1.12, 1.10, 1.10, 1.08, 1.08, 1.08, 1.08, 1.06, 1.06, 1.05, 1.05, 1.03, 1.03
1.03, 1.03, 1.07, 1.07, 1.08, 1.08, 1.06, 1.06, 1.12, 1.12, 1.16, 1.16, 1.16, 1.16, 1.24, 1.24, 1.14, 1.14, 1.12, 1.12, 1.10, 1.10, 1.08, 1.08, 1.08, 1.08, 1.06, 1.06, 1.05, 1.05, 1.03, 1.03
1.03, 1.03, 1.07, 1.07, 1.08, 1.08, 1.06, 1.06, 1.12, 1.12, 1.16, 1.16, 1.16, 1.16, 1.24, 1.24, 1.14, 1.14, 1.12, 1.12, 1.10, 1.10, 1.08, 1.08, 1.08, 1.08, 1.06, 1.06, 1.05, 1.05, 1.03, 1.03
