1.04, 1.04, 1.06, 1.06, 1.06, 1.06, 1.10, 1.10, 1.08, 1.08, 1.07, 1.07, 1.06, 1.06, 1.04, 1.04, 1.11, 1.11, 1.15, 1.15, 1.16, 1.16, 1.14, 1.14, 1.19, 1.19, 1.22, 1.22, 1.22, 1.22, 1.28, 1.28, 1.13, 1.13, 1.12, 1.12, 1.11, 1.11, 1.10, 1.10, 1.10, 1.10, 1.09, 1.09, 1.08, 1.08, 1.07, 1.07, 1.07, 1.07, 1.06, 1.06, 1.05, 1.05, 1.05, 1.05, 1.04, 1.04, 1.03, 1.03, 1.03, 1.03, 1.02, 1.02
1.04, 1.04, 1.06, 1.06, 1.06, 1.06, 1.10, 1.10, 1.08, 1.08, 1.07, 1.07, 1.06, 1.06, 1.04, 1.04, 1.11, 1.11, 1.15, 1.15, 1.16, 1.16, 1.14, 1.14, 1.19, 1.19, 1.22, 1.22, 1.22, 1.22, 1.28, 1.28, 1.13, 1.13, 1.12, 1.12, 1.11, 1.11, 1.10, 1.10, 1.10, 1.10, 1.09, 1.09, 1.08, 1.08, 1.07, 1.07, 1.07, 1.07, 1.06, 1.06, 1.05, 1.05, 1.05, 1.05, 1.04, 1.04, 1.03, 1.03, 1.03, 1.03, 1.02, 1.02
1.04, 1.04, 1.06, 1.06, 1.06, 1.06, 1.10, 1.10, 1.08, 1.08, 1.07, 1.07, 1.06, 1.06, 1.04, 1.04, 1.11, 1.11, 1.15, 1.15, 1.23, 1.23, 1.16, 1.16, 1.19, 1.19, 1.22, 1.22, 1.22, 1.22, 1.28, 1.28, 1.13, 1.13, 1.12, 1.12, 1.11, 1.11, 1.10, 1.10, 1.10, 1.10, 1.09, 1.09, 1.08, 1.08, 1.07, 1.07, 1.07, 1.07, 1.06, 1.06, 1.05, 1.05, 1.05, 1.05, 1.04, 1.04, 1.03, 1.03, 1.03, 1.03, 1.02, 1.02
1.04, 1.04, 1.06, 1.06, 1.06, 1.06, 1.10, 1.10, 1.08, 1.08, 1.07, 1.07, 1.06, 1.06, 1.04, 1.04, 1.11, 1.11, 1.15, 1.15, 1.23, 1.23, 1.16, 1.16, 1.19, 1.19, 1.22, 1.22, 1.22, 1.22, 1.28, 1.28, 1.13, 1.13, 1.12, 1.12, 1.11, 1.11, 1.10, 1.10, 1.10, 1.10, 1.09, 1.09, 1.08, 1.08, 1.07, 1.07, 1.07, 1.07, 1.06, 1.06, 1.05, 1.05, 1.05, 1.05, 1.04, 1.04, 1.03, 1.03, 1.03, 1.03, 1.02, 1.02
1.04, 1.04, 1.06, 1.06, 1.06, 1.06, 1.10, 1.10, 1.17, 1.17, 1.14, 1.14, 1.08, 1.08, 1.07, 1.07, 1.11, 1.11, 1.15, 1.15, 1.23, 1.23, 1.16, 1.16, 1.19, 1.19, 1.22, 1.22, 1.22, 1.22, 1.28, 1.28, 1.13, 1.13, 1.12, 1.12, 1.11, 1.11, 1.10, 1.10, 1.10, 1.10, 1.09, 1.09, 1.08, 1.08, 1.07, 1.07, 1.07, 1.07, 1.06, 1.06, 1.05, 1.05, 1.05, 1.05, 1.04, 1.04, 1.03, 1.03, 1.03, 1.03, 1.02, 1.02
1.04, 1.04, 1.06, 1.06, 1.06, 1.06, 1.10, 1.10, 1.17, 1.17, 1.14, 1.14, 1.08, 1.08, 1.07, 1.07, 1.11, 1.11, 1.15, 1.15, 1.23, 1.23, 1.16, 1.16, 1.19, 1.19, 1.22, 1.22, 1.22, 1.22, 1.28, 1.28, 1.13, 1.13, 1.12, 1.12, 1.11, 1.11, 1.10, 1.10, 1.10, 1.10, 1.09, 1.09, 1.08, 1.08, 1.07, 1.07, 1.07, 1.07, 1.06, 1.06, 1.05, 1.05, 1.05, 1.05, 1.04, 1.04, 1.03, 1.03, 1.03, 1.03, 1.02, 1.02
1.04, 1.04, 1.06, 1.06, 1.06, 1.06, 1.10, 1.10, 1.25, 1.25, 1.17, 1.17, 1.08, 1.08, 1.07, 1.07, 1.11, 1.11, 1.15, 1.15, 1.16, 1.16, 1.14, 1.14, 1.19, 1.19, 1.22, 1.22, 1.22, 1.22, 1.28, 1.28, 1.13, 1.13, 1.12, 1.12, 1.11, 1.11, 1.10, 1.10, 1.10, 1.10, 1.09, 1.09, 1.08, 1.08, 1.07, 1.07, 1.07, 1.07, 1.06, 1.06, 1.05, 1.05, 1.05, 1.05, 1.04, 1.04, 1.03, 1.03, 1.03, 1.03, 1.02, 1.02
1.04, 1.04, 1.06, 1.06, 1.06, 1.06, 1.10, 1.10, 1.25, 1.25, 1.17, 1.17, 1.08, 1.08, 1.07, 1.07, 1.11, 1.11, 1.15, 1.15, 1.16, 1.16, 1.14, 1.14, 1.19, 1.19, 1.22, 1.22, 1.22, 1.22, 1.28, 1.28, 1.13, 1.13, 1.12, 1.12, 1.11, 1.11, 1.10, 1.10, 1.10, 1.10, 1.09, 1.09, 1.08, 1.08, 1.07, 1.07, 1.07, 1.07, 1.06, 1.06, 1.05, 1.05, 1.05, 1.05, 1.04, 1.04, 1.03, 1.03, 1.03, 1.03, 1.02, 1.02
1.04, 1.04, 1.06, 1.06, 1.06, 1.06, 1.10, 1.10, 1.25, 1.25, 1.17, 1.17, 1.08, 1.08, 1.07, 1.07, 1.11, 1.11, 1.15, 1.15, 1.16, 1.16, 1.14, 1.14, 1.19, 1.19, 1.22, 1.22, 1.22, 1.22, 1.28, 1.28, 1.13, 1.13, 1.12, 1.12, 1.11, 1.11, 1.10, 1.10, 1.10, 1.10, 1.09, 1.09, 1.08, 1.08, 1.07, 1.07, 1.07, 1.07, 1.06, 1.06, 1.05, 1.05, 1.05, 1.05, 1.04, 1.04, 1.03, 1.03, 1.03, 1.03, 1.02, 1.02
1.04, 1.04, 1.06, 1.06, 1.06, 1.06, 1.10, 1.10, 1.25, 1.25, 1.17, 1.17, 1.08, 1.08, 1.07, 1.07, 1.11, 1.11, 1.15, 1.15, 1.16, 1.16, 1.14, 1.14, 1.19, 1.19, 1.22, 1.22, 1.22, 1.22, 1.28, 1.28, 1.13, 1.13, 1.12, 1.12, 1.11, 1.11, 1.10, 1.10, 1.10, 1.10, 1.09, 1.09, 1.08, 1.08, 1.07, 1.07, 1.07, 1.07, 1.06, 1.06, 1.05, 1.05, 1.05, 1.05, 1.04, 1.04, 1.03, 1.03, 1.03, 1.03, 1.02, 1.02
1.04, 1.04, 1.06, 1.06, 1.06, 1.06, 1.10, 1.10, 1.17, 1.17, 1.15, 1.15, 1.08, 1.08, 1.07, 1.07, 1.11, 1.11, 1.15, 1.15, 1.23, 1.23, 1.16, 1.16, 1.19, 1.19, 1.22, 1.22, 1.22, 1.22, 1.28, 1.28, 1.13, 1.13, 1.12, 1.12, 1.11, 1.11, 1.10, 1.10, 1.10, 1.10, 1.09, 1.09, 1.08, 1.08, 1.07, 1.07, 1.07, 1.07, 1.06, 1.06, 1.05, 1.05, 1.05, 1.05, 1.04, 1.04, 1.03, 1.03, 1.03, 1.03, 1.02, 1.02
1.04, 1.04, 1.06, 1.06, 1.06, 1.06, 1.10, 1.10, 1.17, 1.17, 1.15, 1.15, 1.08, 1.08, 1.07, 1.07, 1.11, 1.11, 1.15, 1.15, 1.23, 1.23, 1.16, 1.16, 1.19, 1.19, 1.22, 1.22, 1.22, 1.22, 1.28, 1.28, 1.13, 1.13, 1.12, 1.12, 1.11, 1.11, 1.10, 1.10, 1.10, 1.10, 1.09, 1.09, 1.08, 1.08, 1.07, 1.07, 1.07, 1.07, 1.06, 1.06, 1.05, 1.05, 1.05, 1.05, 1.04, 1.04, 1.03, 1.03, 1.03, 1.03, 1.02, 1.02
1.04, 1.04, 1.06, 1.06, 1.06, 1.06, 1.10, 1.10, 1.08, 1.08, 1.07, 1.07, 1.06, 1.06, 1.05, 1.05, 1.11, 1.11, 1.15, 1.15, 1.23, 1.23, 1.16, 1.16, 1.19, 1.19, 1.22, 1.22, 1.22, 1.22, 1.28, 1.28, 1.13, 1.13, 1.12, 1.12, 1.11, 1.11, 1.10, 1.10, 1.10, 1.10, 1.09, 1.09, 1.08, 1.08, 1.07, 1.07, 1.07, 1.07, 1.06, 1.06, 1.05, 1.05, 1.05, 1.05, 1.04, 1.04, 1.03, 1.03, 1.03, 1.03, 1.02, 1.02
1.04, 1.04, 1.06, 1.06, 1.06, 1.06, 1.10, 1.10, 1.08, 1.08, 1.07, 1.07, 1.06, 1.06, 1.05, 1.05, 1.11, 1.11, 1.15, 1.15, 1.23, 1.23, 1.16, 1.16, 1.19, 1.19, 1.22, 1.22, 1.22, 1.22, 1.28, 1.28, 1.13, 1.13, 1.12, 1.12, 1.11, 1.11, 1.10, 1.10, 1.10, 1.10, 1.09, 1.09, 1.08, 1.08, 1.07, 1.07, 1.07, 1.07, 1.06, 1.06, 1.05, 1.05, 1.05, 1.05, 1.04, 1.04, 1.03, 1.03, 1.03, 1.03, 1.02, 1.02
1.04, 1.04, 1.06, 1.06, 1.06, 1.06, 1.10, 1.10, 1.08, 1.08, 1.07, 1.07, 1.06, 1.06, 1.05, 1.05, 1.11, 1.11, 1.15, 1.15, 1.16, 1.16, 1.14, 1.14, 1.19, 1.19, 1.22, 1.22, 1.22, 1.22, 1.28, 1.28, 1.13, 1.13, 1.12, 1.12, 1.11, 1.11, 1.10, 1.10, 1.10, 1.10, 1.09, 1.09, 1.08, 1.08, 1.07, 1.07, 1.07, 1.07, 1.06, 1.06, 1.05, 1.05, 1.05, 1.05, 1.04, 1.04, 1.03, 1.03, 1.03, 1.03, 1.02, 1.02
1.04, 1.04, 1.06, 1.06, 1.06, 1.06, 1.10, 1.10, 1.08, 1.08, 1.07, 1.07, 1.06, 1.06, 1.05, 1.05, 1.11, 1.11, 1.15, 1.15, 1.16, 1.16, 1.14, 1.14, 1.19, 1.19, 1.22, 1.22, 1.22, 1.22, 1.28, 1.28, 1.13, 1.13, 1.12, 1.12, 1.11, 1.11, 1.10, 1.10, 1.10, 1.10, 1.09, 1.09, 1.08, 1.08, 1.07, 1.07, 1.07, 1.07, 1.06, 1.06, 1.05, 1.05, 1.05, 1.05, 1.04, 1.04, 1.03, 1.03, 1.03, 1.03, 1.02, 1.02
1.04, 1.04, 1.06, 1.06, 1.06, 1.06, 1.10, 1.10, 1.08, 1.08, 1.07, 1.07, 1.06, 1.06, 1.04, 1.04, 1.11, 1.11, 1.15, 1.15, 1.16, 1.16, 1.14, 1.14, 1.19, 1.19, 1.22, 1.22, 1.22, 1.22, 1.28, 1.28, 1.34, 1.34, 1.32, 1.32, 1.31, 1.31, 1.29, 1.29, 1.29, 1.29, 1.27, 1.27, 1.26, 1.26, 1.24, 1.24, 1.13, 1.13, 1.12, 1.12, 1.11, 1.11, 1.10, 1.10, 1.10, 1.10, 1.09, 1.09, 1.08, 1.08, 1.07, 1.07
1.04, 1.04, 1.06, 1.06, 1.06, 1.06, 1.10, 1.10, 1.08, 1.08, 1.07, 1.07, 1.06, 1.06, 1.04, 1.04, 1.11, 1.11, 1.15, 1.15, 1.16, 1.16, 1.14, 1.14, 1.19, 1.19, 1.22, 1.22, 1.22, 1.22, 1.28, 1.28, 1.34, 1.34, 1.32, 1.32, 1.31, 1.31, 1.29, 1.29, 1.29, 1.29, 1.27, 1.27, 1.26, 1.26, 1.24, 1.24, 1.13, 1.13, 1.12, 1.12, 1.11, 1.11, 1.10, 1.10, 1.10, 1.10, 1.09, 1.09, 1.08, 1.08, 1.07, 1.07
1.04, 1.04, 1.06, 1.06, 1.06, 1.06, 1.10, 1.10, 1.08, 1.08, 1.07, 1.07, 1.06, 1.06, 1.04, 1.04, 1.11, 1.11, 1.15, 1.15, 1.23, 1.23, 1.16, 1.16, 1.19, 1.19, 1.22, 1.22, 1.22, 1.22, 1.28, 1.28, 1.34, 1.34, 1.32, 1.32, 1.31, 1.31, 1.29, 1.29, 1.29, 1.29, 1.27, 1.27, 1.26, 1.26, 1.24, 1.24, 1.13, 1.13, 1.12, 1.12, 1.11, 1.11, 1.10, 1.10, 1.10, 1.10, 1.09, 1.09, 1.08, 1.08, 1.07, 1.07
1.04, 1.04, 1.06, 1.06, 1.06, 1.06, 1.10, 1.10, 1.08, 1.08, 1.07, 1.07, 1.06, 1.06, 1.04, 1.04, 1.11, 1.11, 1.15, 1.15, 1.23, 1.23, 1.16, 1.16, 1.19, 1.19, 1.22, 1.22, 1.22, 1.22, 1.28, 1.28, 1.34, 1.34, 1.32, 1.32, 1.31, 1.31, 1.29, 1.29, 1.29, 1.29, 1.27, 1.27, 1.26, 1.26, 1.24, 1.24, 1.13, 1.13, 1.12, 1.12, 1.11, 1.11, 1.10, 1.10, 1.10, 1.10, 1.09, 1.09, 1.08, 1.08, 1.07, 1.07
1.04, 1.04, 1.06, 1.06, 1.06, 1.06, 1.10, 1.10, 1.17, 1.17, 1.14, 1.14, 1.08, 1.08, 1.07, 1.07, 1.11, 1.11, 1.15, 1.15, 1.23, 1.23, 1.16, 1.16, 1.19, 1.19, 1.22, 1.22, 1.22, 1.22, 1.28, 1.28, 1.34, 1.34, 1.32, 1.32, 1.31, 1.31, 1.29, 1.29, 1.29, 1.29, 1.27, 1.27, 1.26, 1.26, 1.24, 1.24, 1.13, 1.13, 1.12, 1.12, 1.11, 1.11, 1.10, 1.10, 1.10, 1.10, 1.09, 1.09, 1.08, 1.08, 1.07, 1.07
1.04, 1.04, 1.06, 1.06, 1.06, 1.06, 1.10, 1.10, 1.17, 1.17, 1.14, 1.14, 1.08, 1.08, 1.07, 1.07, 1.11, 1.11, 1.15, 1.15, 1.23, 1.23, 1.16, 1.16, 1.19, 1.19, 1.22, 1.22, 1.22, 1.22, 1.28, 1.28, 1.34, 1.34, 1.32, 1.32, 1.31, 1.31, 1.29, 1.29, 1.29, 1.29, 1.27, 1.27, 1.26, 1.26, 1.24, 1.24, 1.13, 1.13, 1.12, 1.12, 1.11, 1.11, 1.10, 1.10, 1.10, 1.10, 1.09, 1.09, 1.08, 1.08, 1.07, 1.07
1.04, 1.04, 1.06, 1.06, 1.06, 1.06, 1.10, 1.10, 1.25, 1.25, 1.17, 1.17, 1.08, 1.08, 1.07, 1.07, 1.11, 1.11, 1.15, 1.15, 1.16, 1.16, 1.14, 1.14, 1.19, 1.19, 1.22, 1.22, 1.22, 1.22, 1.28, 1.28, 1.34, 1.34, 1.32, 1.32, 1.31, 1.31, 1.29, 1.29, 1.29, 1.29, 1.27, 1.27, 1.26, 1.26, 1.24, 1.24, 1.13, 1.13, 1.12, 1.12, 1.11, 1.11, 1.10, 1.10, 1.10, 1.10, 1.09, 1.09, 1.08, 1.08, 1.07, 1.07
1.04, 1.04, 1.06, 1.06, 1.06, 1.06, 1.10, 1.10, 1.25, 1.25, 1.17, 1.17, 1.08, 1.08, 1.07, 1.07, 1.11, 1.11, 1.15, 1.15, 1.16, 1.16, 1.14, 1.14, 1.19, 1.19, 1.22, 1.22, 1.22, 1.22, 1.28, 1.28, 1.34, 1.34, 1.32, 1.32, 1.31, 1.31, 1.29, 1.29, 1.29, 1.29, 1.27, 1.27, 1.26, 1.26, 1.24, 1.24, 1.13, 1.13, 1.12, 1.12, 1.11, 1.11, 1.10, 1.10, 1.10, 1.10, 1.09, 1.09, 1.08, 1.08, 1.07, 1.07
1.04, 1.04, 1.06, 1.06, 1.06, 1.06, 1.10, 1.10, 1.25, 1.25, 1.17, 1.17, 1.08, 1.08, 1.07, 1.07, 1.11, 1.11, 1.15, 1.15, 1.16, 1.16, 1.14, 1.14, 1.19, 1.19, 1.22, 1.22, 1.22, 1.22, 1.28, 1.28, 1.55, 1.55, 1.52, 1.52, 1.49, 1.49, 1.47, 1.47, 1.34, 1.34, 1.32, 1.32, 1.31, 1.31, 1.29, 1.29, 1.13, 1.13, 1.12, 1.12, 1.11, 1.11, 1.10, 1.10, 1.10, 1.10, 1.09, 1.09, 1.08, 1.08, 1.07, 1.07
1.04, 1.04, 1.06, 1.06, 1.06, 1.06, 1.10, 1.10, 1.25, 1.25, 1.17, 1.17, 1.08, 1.08, 1.07, 1.07, 1.11, 1.11, 1.15, 1.15, 1.16, 1.16, 1.14, 1.14, 1.19, 1.19, 1.22, 1.22, 1.22, 1.22, 1.28, 1.28, 1.55, 1.55, 1.52, 1.52, 1.49, 1.49, 1.47, 1.47, 1.34, 1.34, 1.32, 1.32, 1.31, 1.31, 1.29, 1.29, 1.13, 1.13, 1.12, 1.12, 1.11, 1.11, 1.10, 1.10, 1.10, 1.10, 1.09, 1.09, 1.08, 1.08, 1.07, 1.07
1.04, 1.04, 1.06, 1.06, 1.06, 1.06, 1.10, 1.10, 1.17, 1.17, 1.15, 1.15, 1.08, 1.08, 1.07, 1.07, 1.11, 1.11, 1.15, 1.15, 1.23, 1.23, 1.16, 1.16, 1.19, 1.19, 1.22, 1.22, 1.22, 1.22, 1.28, 1.28, 1.55, 1.55, 1.52, 1.52, 1.49, 1.49, 1.47, 1.47, 1.34, 1.34, 1.32, 1.32, 1.31, 1.31, 1.29, 1.29, 1.13, 1.13, 1.12, 1.12, 1.11, 1.11, 1.10, 1.10, 1.10, 1.10, 1.09, 1.09, 1.08, 1.08, 1.07, 1.07
1.04, 1.04, 1.06, 1.06, 1.06, 1.06, 1.10, 1.10, 1.17, 1.17, 1.15, 1.15, 1.08, 1.08, 1.07, 1.07, 1.11, 1.11, 1.15, 1.15, 1.23, 1.23, 1.16, 1.16, 1.19, 1.19, 1.22, 1.22, 1.22, 1.22, 1.28, 1.28, 1.55, 1.55, 1.52, 1.52, 1.49, 1.49, 1.47, 1.47, 1.34, 1.34, 1.32, 1.32, 1.31, 1.31, 1.29, 1.29, 1.13, 1.13, 1.12, 1.12, 1.11, 1.11, 1.10, 1.10, 1.10, 1.10, 1.09, 1.09, 1.08, 1.08, 1.07, 1.07
1.04, 1.04, 1.06, 1.06, 1.06, 1.06, 1.10, 1.10, 1.08, 1.08, 1.07, 1.07, 1.06, 1.06, 1.05, 1.05, 1.11, 1.11, 1.15, 1.15, 1.23, 1.23, 1.16, 1.16, 1.19, 1.19, 1.22, 1.22, 1.22, 1.22, 1.28, 1.28, 1.75, 1.75, 1.70, 1.70, 1.55, 1.55, 1.52, 1.52, 1.34, 1.34, 1.32, 1.32, 1.31, 1.31, 1.29, 1.29, 1.13, 1.13, 1.12, 1.12, 1.11, 1.11, 1.10, 1.10, 1.10, 1.10, 1.09, 1.09, 1.08, 1.08, 1.07, 1.07
1.04, 1.04, 1.06, 1.06, 1.06, 1.06, 1.10, 1.10, 1.08, 1.08, 1.07, 1.07, 1.06, 1.06, 1.05, 1.05, 1.11, 1.11, 1.15, 1.15, 1.23, 1.23, 1.16, 1.16, 1.19, 1.19, 1.22, 1.22, 1.22, 1.22, 1.28, 1.28, 1.75, 1.75, 1.70, 1.70, 1.55, 1.55, 1.52, 1.52, 1.34, 1.34, 1.32, 1.32, 1.31, 1.31, 1.29, 1.29, 1.13, 1.13, 1.12, 1.12, 1.11, 1.11, 1.10, 1.10, 1.10, 1.10, 1.09, 1.09, 1.08, 1.08, 1.07, 1.07
1.04, 1.04, 1.06, 1.06, 1.06, 1.06, 1.10, 1.10, 1.08, 1.08, 1.07, 1.07, 1.06, 1.06, 1.05, 1.05, 1.11, 1.11, 1.15, 1.15, 1.16, 1.16, 1.14, 1.14, 1.19, 1.19, 1.22, 1.22, 1.22, 1.22, 1.28, 1.28, 1.95, 1.95, 1.75, 1.75, 1.55, 1.55, 1.52, 1.52, 1.34, 1.34, 1.32, 1.32, 1.31, 1.31, 1.29, 1.29, 1.13, 1.13, 1.12, 1.12, 1.11, 1.11, 1.10, 1.10, 1.10, 1.10, 1.09, 1.09, 1.08, 1.08, 1.07, 1.07
1.04, 1.04, 1.06, 1.06, 1.06, 1.06, 1.10, 1.10, 1.08, 1.08, 1.07, 1.07, 1.06, 1.06, 1.05, 1.05, 1.11, 1.11, 1.15, 1.15, 1.16, 1.16, 1.14, 1.14, 1.19, 1.19, 1.22, 1.22, 1.22, 1.22, 1.28, 1.28, 1.95, 1.95, 1.75, 1.75, 1.55, 1.55, 1.52, 1.52, 1.34, 1.34, 1.32, 1.32, 1.31, 1.31, 1.29, 1.29, 1.13, 1.13, 1.12, 1.12, 1.11, 1.11, 1.10, 1.10, 1.10, 1.10, 1.09, 1.09, 1.08, 1.08, 1.07, 1.07
1.04, 1.04, 1.06, 1.06, 1.06, 1.06, 1.10, 1.10, 1.08, 1.08, 1.07, 1.07, 1.06, 1.06, 1.04, 1.04, 1.11, 1.11, 1.15, 1.15, 1.16, 1.16, 1.14, 1.14, 1.19, 1.19, 1.22, 1.22, 1.22, 1.22, 1.28, 1.28, 1.97, 1.97, 1.77, 1.77, 1.56, 1.56, 1.53, 1.53, 1.35, 1.35, 1.33, 1.33, 1.32, 1.32, 1.30, 1.30, 1.14, 1.14, 1.12, 1.12, 1.11, 1.11, 1.10, 1.10, 1.10, 1.10, 1.09, 1.09, 1.08, 1.08, 1.07, 1.07
1.04, 1.04, 1.06, 1.06, 1.06, 1.06, 1.10, 1.10, 1.08, 1.08, 1.07, 1.07, 1.06, 1.06, 1.04, 1.04, 1.11, 1.11, 1.15, 1.15, 1.16, 1.16, 1.14, 1.14, 1.19, 1.19, 1.22, 1.22, 1.22, 1.22, 1.28, 1.28, 1.97, 1.97, 1.77, 1.77, 1.56, 1.56, 1.53, 1.53, 1.35, 1.35, 1.33, 1.33, 1.32, 1.32, 1.30, 1.30, 1.14, 1.14, 1.12, 1.12, 1.11, 1.11, 1.10, 1.10, 1.10, 1.10, 1.09, 1.09, 1.08, 1.08, 1.07, 1.07
1.04, 1.04, 1.06, 1.06, 1.06, 1.06, 1.10, 1.10, 1.08, 1.08, 1.07, 1.07, 1.06, 1.06, 1.04, 1.04, 1.11, 1.11, 1.15, 1.15, 1.23, 1.23, 1.16, 1.16, 1.19, 1.19, 1.22, 1.22, 1.22, 1.22, 1.28, 1.28, 1.77, 1.77, 1.71, 1.71, 1.56, 1.56, 1.53, 1.53, 1.35, 1.35, 1.33, 1.33, 1.32, 1.32, 1.30, 1.30, 1.14, 1.14, 1.12, 1.12, 1.11, 1.11, 1.10, 1.10, 1.10, 1.10, 1.09, 1.09, 1.08, 1.08, 1.07, 1.07
1.04, 1.04, 1.06, 1.06, 1.06, 1.06, 1.10, 1.10, 1.08, 1.08, 1.07, 1.07, 1.06, 1.06, 1.04, 1.04, 1.11, 1.11, 1.15, 1.15, 1.23, 1.23, 1.16, 1.16, 1.19, 1.19, 1.22, 1.22, 1.22, 1.22, 1.28, 1.28, 1.77, 1.77, 1.71, 1.71, 1.56, 1.56, 1.53, 1.53, 1.35, 1.35, 1.33, 1.33, 1.32, 1.32, 1.30, 1.30, 1.14, 1.14, 1.12, 1.12, 1.11, 1.11, 1.10, 1.10, 1.10, 1.10, 1.09, 1.09, 1.08, 1.08, 1.07, 1.07
1.04, 1.04, 1.06, 1.06, 1.06, 1.06, 1.10, 1.10, 1.17, 1.17, 1.14, 1.14, 1.08, 1.08, 1.07, 1.07, 1.11, 1.11, 1.15, 1.15, 1.23, 1.23, 1.16, 1.16, 1.19, 1.19, 1.22, 1.22, 1.22, 1.22, 1.28, 1.28, 1.56, 1.56, 1.53, 1.53, 1.50, 1.50, 1.48, 1.48, 1.35, 1.35, 1.33, 1.33, 1.32, 1.32, 1.30, 1.30, 1.14, 1.14, 1.12, 1.12, 1.11, 1.11, 1.10, 1.10, 1.10, 1.10, 1.09, 1.09, 1.08, 1.08, 1.07, 1.07
1.04, 1.04, 1.06, 1.06, 1.06, 1.06, 1.10, 1.10, 1.17, 1.17, 1.14, 1.14, 1.08, 1.08, 1.07, 1.07, 1.11, 1.11, 1.15, 1.15, 1.23, 1.23, 1.16, 1.16, 1.19, 1.19, 1.22, 1.22, 1.22, 1.22, 1.28, 1.28, 1.56, 1.56, 1.53, 1.53, 1.50, 1.50, 1.48, 1.48, 1.35, 1.35, 1.33, 1.33, 1.32, 1.32, 1.30, 1.30, 1.14, 1.14, 1.12, 1.12, 1.11, 1.11, 1.10, 1.10, 1.10, 1.10, 1.09, 1.09, 1.08, 1.08, 1.07, 1.07
1.04, 1.04, 1.06, 1.06, 1.06, 1.06, 1.10, 1.10, 1.25, 1.25, 1.17, 1.17, 1.08, 1.08, 1.07, 1.07, 1.11, 1.11, 1.15, 1.15, 1.16, 1.16, 1.14, 1.14, 1.19, 1.19, 1.22, 1.22, 1.22, 1.22, 1.28, 1.28, 1.56, 1.56, 1.53, 1.53, 1.50, 1.50, 1.48, 1.48, 1.35, 1.35, 1.33, 1.33, 1.32, 1.32, 1.30, 1.30, 1.14, 1.14, 1.12, 1.12, 1.11, 1.11, 1.10, 1.10, 1.10, 1.10, 1.09, 1.09, 1.08, 1.08, 1.07, 1.07
1.04, 1.04, 1.06, 1.06, 1.06, 1.06, 1.10, 1.10, 1.25, 1.25, 1.17, 1.17, 1.08, 1.08, 1.07, 1.07, 1.11, 1.11, 1.15, 1.15, 1.16, 1.16, 1.14, 1.14, 1.19, 1.19, 1.22, 1.22, 1.22, 1.22, 1.28, 1.28, 1.56, 1.56, 1.53, 1.53, 1.50, 1.50, 1.48, 1.48, 1.35, 1.35, 1.33, 1.33, 1.32, 1.32, 1.30, 1.30, 1.14, 1.14, 1.12, 1.12, 1.11, 1.11, 1.10, 1.10, 1.10, 1.10, 1.09, 1.09, 1.08, 1.08, 1.07, 1.07
1.04, 1.04, 1.06, 1.06, 1.06, 1.06, 1.10, 1.10, 1.25, 1.25, 1.17, 1.17, 1.08, 1.08, 1.07, 1.07, 1.11, 1.11, 1.15, 1.15, 1.16, 1.16, 1.14, 1.14, 1.19, 1.19, 1.22, 1.22, 1.22, 1.22, 1.28, 1.28, 1.35, 1.35, 1.33, 1.33, 1.32, 1.32, 1.30, 1.30, 1.29, 1.29, 1.28, 1.28, 1.26, 1.26, 1.25, 1.25, 1.14, 1.14, 1.12, 1.12, 1.11, 1.11, 1.10, 1.10, 1.10, 1.10, 1.09, 1.09, 1.08, 1.08, 1.07, 1.07
1.04, 1.04, 1.06, 1.06, 1.06, 1.06, 1.10, 1.10, 1.25, 1.25, 1.17, 1.17, 1.08, 1.08, 1.07, 1.07, 1.11, 1.11, 1.15, 1.15, 1.16, 1.16, 1.14, 1.14, 1.19, 1.19, 1.22, 1.22, 1.22, 1.22, 1.28, 1.28, 1.35, 1.35, 1.33, 1.33, 1.32, 1.32, 1.30, 1.30, 1.29, 1.29, 1.28, 1.28, 1.26, 1.26, 1.25, 1.25, 1.14, 1.14, 1.12, 1.12, 1.11, 1.11, 1.10, 1.10, 1.10, 1.10, 1.09, 1.09, 1.08, 1.08, 1.07, 1.07
1.04, 1.04, 1.06, 1.06, 1.06, 1.06, 1.10, 1.10, 1.17, 1.17, 1.15, 1.15, 1.08, 1.08, 1.07, 1.07, 1.11, 1.11, 1.15, 1.15, 1.23, 1.23, 1.16, 1.16, 1.19, 1.19, 1.22, 1.22, 1.22, 1.22, 1.28, 1.28, 1.35, 1.35, 1.33, 1.33, 1.32, 1.32, 1.30, 1.30, 1.29, 1.29, 1.28, 1.28, 1.26, 1.26, 1.25, 1.25, 1.14, 1.14, 1.12, 1.12, 1.11, 1.11, 1.10, 1.10, 1.10, 1.10, 1.09, 1.09, 1.08, 1.08, 1.07, 1.07
1.04, 1.04, 1.06, 1.06, 1.06, 1.06, 1.10, 1.10, 1.17, 1.17, 1.15, 1.15, 1.08, 1.08, 1.07, 1.07, 1.11, 1.11, 1.15, 1.15, 1.23, 1.23, 1.16, 1.16, 1.19, 1.19, 1.22, 1.22, 1.22, 1.22, 1.28, 1.28, 1.35, 1.35, 1.33, 1.33, 1.32, 1.32, 1.30, 1.30, 1.29, 1.29, 1.28, 1.28, 1.26, 1.26, 1.25, 1.25, 1.14, 1.14, 1.12, 1.12, 1.11, 1.11, 1.10, 1.10, 1.10, 1.10, 1.09, 1.09, 1.08, 1.08, 1.07, 1.07
1.04, 1.04, 1.06, 1.06, 1.06, 1.06, 1.10, 1.10, 1.08, 1.08, 1.07, 1.07, 1.06, 1.06, 1.05, 1.05, 1.11, 1.11, 1.15, 1.15, 1.23, 1.23, 1.16, 1.16, 1.19, 1.19, 1.22, 1.22, 1.22, 1.22, 1.28, 1.28, 1.35, 1.35, 1.33, 1.33, 1.32, 1.32, 1.30, 1.30, 1.29, 1.29, 1.28, 1.28, 1.26, 1.26, 1.25, 1.25, 1.14, 1.14, 1.12, 1.12, 1.11, 1.11, 1.10, 1.10, 1.10, 1.10, 1.09, 1.09, 1.08, 1.08, 1.07, 1.07
1.04, 1.04, 1.06, 1.06, 1.06, 1.06, 1.10, 1.10, 1.08, 1.08, 1.07, 1.07, 1.06, 1.06, 1.05, 1.05, 1.11, 1.11, 1.15, 1.15, 1.23, 1.23, 1.16, 1.16, 1.19, 1.19, 1.22, 1.22, 1.22, 1.22, 1.28, 1.28, 1.35, 1.35, 1.33, 1.33, 1.32, 1.32, 1.30, 1.30, 1.29, 1.29, 1.28, 1.28, 1.26, 1.26, 1.25, 1.25, 1.14, 1.14, 1.12, 1.12, 1.11, 1.11, 1.10, 1.10, 1.10, 1.10, 1.09, 1.09, 1.08, 1.08, 1.07, 1.07
1.04, 1.04, 1.06, 1.06, 1.06, 1.06, 1.10, 1.10, 1.08, 1.08, 1.07, 1.07, 1.06, 1.06, 1.05, 1.05, 1.11, 1.11, 1.15, 1.15, 1.16, 1.16, 1.14, 1.14, 1.19, 1.19, 1.22, 1.22, 1.22, 1.22, 1.28, 1.28, 1.35, 1.35, 1.33, 1.33, 1.32, 1.32, 1.30, 1.30, 1.29, 1.29, 1.28, 1.28, 1.26, 1.26, 1.25, 1.25, 1.14, 1.14, 1.12, 1.12, 1.11, 1.11, 1.10, 1.10, 1.10, 1.10, 1.09, 1.09, 1.08, 1.08, 1.07, 1.07
1.04, 1.04, 1.06, 1.06, 1.06, 1.06, 1.10, 1.10, 1.08, 1.08, 1.07, 1.07, 1.06, 1.06, 1.05, 1.05, 1.11, 1.11, 1.15, 1.15, 1.16, 1.16, 1.14, 1.14, 1.19, 1.19, 1.22, 1.22, 1.22, 1.22, 1.28, 1.28, 1.35, 1.35, 1.33, 1.33, 1.32, 1.32, 1.30, 1.30, 1.29, 1.29, 1.28, 1.28, 1.26, 1.26, 1.25, 1.25, 1.14, 1.14, 1.12, 1.12, 1.11, 1.11, 1.10, 1.10, 1.10, 1.10, 1.09, 1.09, 1.08, 1.08, 1.07, 1.07
1.04, 1.04, 1.06, 1.06, 1.06, 1.06, 1.10, 1.10, 1.08, 1.08, 1.07, 1.07, 1.06, 1.06, 1.04, 1.04, 1.11, 1.11, 1.15, 1.15, 1.16, 1.16, 1.14, 1.14, 1.19, 1.19, 1.22, 1.22, 1.22, 1.22, 1.28, 1.28, 1.14, 1.14, 1.12, 1.12, 1.11, 1.11, 1.10, 1.10, 1.10, 1.10, 1.09, 1.09, 1.08, 1.08, 1.07, 1.07, 1.08, 1.08, 1.06, 1.06, 1.06, 1.06, 1.05, 1.05, 1.04, 1.04, 1.04, 1.04, 1.03, 1.03, 1.02, 1.02
1.04, 1.04, 1.06, 1.06, 1.06, 1.06, 1.10, 1.10, 1.08, 1.08, 1.07, 1.07, 1.06, 1.06, 1.04, 1.04, 1.11, 1.11, 1.15, 1.15, 1.16, 1.16, 1.14, 1.14, 1.19, 1.19, 1.22, 1.22, 1.22, 1.22, 1.28, 1.28, 1.14, 1.14, 1.12, 1.12, 1.11, 1.11, 1.10, 1.10, 1.10, 1.10, 1.09, 1.09, 1.08, 1.08, 1.07, 1.07, 1.08, 1.08, 1.06, 1.06, 1.06, 1.06, 1.05, 1.05, 1.04, 1.04, 1.04, 1.04, 1.03, 1.03, 1.02, 1.02
1.04, 1.04, 1.06, 1.06, 1.06, 1.06, 1.10, 1.10, 1.08, 1.08, 1.07, 1.07, 1.06, 1.06, 1.04, 1.04, 1.11, 1.11, 1.15, 1.15, 1.23, 1.23, 1.16, 1.16, 1.19, 1.19, 1.22, 1.22, 1.22, 1.22, 1.28, 1.28, 1.14, 1.14, 1.12, 1.12, 1.11, 1.11, 1.10, 1.10, 1.10, 1.10, 1.09, 1.09, 1.08, 1.08, 1.07, 1.07, 1.08, 1.08, 1.06, 1.06, 1.06, 1.06, 1.05, 1.05, 1.04, 1.04, 1.04, 1.04, 1.03, 1.03, 1.02, 1.02
1.04, 1.04, 1.06, 1.06, 1.06, 1.06, 1.10, 1.10, 1.08, 1.08, 1.07, 1.07, 1.06, 1.06, 1.04, 1.04, 1.11, 1.11, 1.15, 1.15, 1.23, 1.23, 1.16, 1.16, 1.19, 1.19, 1.22, 1.22, 1.22, 1.22, 1.28, 1.28, 1.14, 1.14, 1.12, 1.12, 1.11, 1.11, 1.10, 1.10, 1.10, 1.10, 1.09, 1.09, 1.08, 1.08, 1.07, 1.07, 1.08, 1.08, 1.06, 1.06, 1.06, 1.06, 1.05, 1.05, 1.04, 1.04, 1.04, 1.04, 1.03, 1.03, 1.02, 1.02
1.04, 1.04, 1.06, 1.06, 1.06, 1.06, 1.10, 1.10, 1.17, 1.17, 1.14, 1.14, 1.08, 1.08, 1.07, 1.07, 1.11, 1.11, 1.15, 1.15, 1.23, 1.23, 1.16, 1.16, 1.19, 1.19, 1.22, 1.22, 1.22, 1.22, 1.28, 1.28, 1.14, 1.14, 1.12, 1.12, 1.11, 1.11, 1.10, 1.10, 1.10, 1.10, 1.09, 1.09, 1.08, 1.08, 1.07, 1.07, 1.08, 1.08, 1.06, 1.06, 1.06, 1.06, 1.05, 1.05, 1.04, 1.04, 1.04, 1.04, 1.03, 1.03, 1.02, 1.02
1.04, 1.04, 1.06, 1.06, 1.06, 1.06, 1.10, 1.10, 1.17, 1.17, 1.14, 1.14, 1.08, 1.08, 1.07, 1.07, 1.11, 1.11, 1.15, 1.15, 1.23, 1.23, 1.16, 1.16, 1.19, 1.19, 1.22, 1.22, 1.22, 1.22, 1.28, 1.28, 1.14, 1.14, 1.12, 1.12, 1.11, 1.11, 1.10, 1.10, 1.10, 1.10, 1.09, 1.09, 1.08, 1.08, 1.07, 1.07, 1.08, 1.08, 1.06, 1.06, 1.06, 1.06, 1.05, 1.05, 1.04, 1.04, 1.04, 1.04, 1.03, 1.03, 1.02, 1.02
1.04, 1.04, 1.06, 1.06, 1.06, 1.06, 1.10, 1.10, 1.25, 1.25, 1.17, 1.17, 1.08, 1.08, 1.07, 1.07, 1.11, 1.11, 1.15, 1.15, 1.16, 1.16, 1.14, 1.14, 1.19, 1.19, 1.22, 1.22, 1.22, 1.22, 1.28, 1.28, 1.14, 1.14, 1.12, 1.12, 1.11, 1.11, 1.10, 1.10, 1.10, 1.10, 1.09, 1.09, 1.08, 1.08, 1.07, 1.07, 1.08, 1.08, 1.06, 1.06, 1.06, 1.06, 1.05, 1.05, 1.04, 1.04, 1.04, 1.04, 1.03, 1.03, 1.02, 1.02
1.04, 1.04, 1.06, 1.06, 1.06, 1.06, 1.10, 1.10, 1.25, 1.25, 1.17, 1.17, 1.08, 1.08, 1.07, 1.07, 1.11, 1.11, 1.15, 1.15, 1.16, 1.16, 1.14, 1.14, 1.19, 1.19, 1.22, 1.22, 1.22, 1.22, 1.28, 1.28, 1.14, 1.14, 1.12, 1.12, 1.11, 1.11, 1.10, 1.10, 1.10, 1.10, 1.09, 1.09, 1.08, 1.08, 1.07, 1.07, 1.08, 1.08, 1.06, 1.06, 1.06, 1.06, 1.05, 1.05, 1.04, 1.04, 1.04, 1.04, 1.03, 1.03, 1.02, 1.02
1.04, 1.04, 1.06, 1.06, 1.06, 1.06, 1.10, 1.10, 1.25, 1.25, 1.17, 1.17, 1.08, 1.08, 1.07, 1.07, 1.11, 1.11, 1.15, 1.15, 1.16, 1.16, 1.14, 1.14, 1.19, 1.19, 1.22, 1.22, 1.22, 1.22, 1.28, 1.28, 1.14, 1.14, 1.12, 1.12, 1.11, 1.11, 1.10, 1.10, 1.10, 1.10, 1.09, 1.09, 1.08, 1.08, 1.07, 1.07, 1.08, 1.08, 1.06, 1.06, 1.06, 1.06, 1.05, 1.05, 1.04, 1.04, 1.04, 1.04, 1.03, 1.03, 1.02, 1.02
1.04, 1.04, 1.06, 1.06, 1.06, 1.06, 1.10, 1.10, 1.25, 1.25, 1.17, 1.17, 1.08, 1.08, 1.07, 1.07, 1.11, 1.11, 1.15, 1.15, 1.16, 1.16, 1.14, 1.14, 1.19, 1.19, 1.22, 1.22, 1.22, 1.22, 1.28, 1.28, 1.14, 1.14, 1.12, 1.12, 1.11, 1.11, 1.10, 1.10, 1.10, 1.10, 1.09, 1.09, 1.08, 1.08, 1.07, 1.07, 1.08, 1.08, 1.06, 1.06, 1.06, 1.06, 1.05, 1.05, 1.04, 1.04, 1.04, 1.04, 1.03, 1.03, 1.02, 1.02
1.04, 1.04, 1.06, 1.06, 1.06, 1.06, 1.10, 1.10, 1.17, 1.17, 1.15, 1.15, 1.08, 1.08, 1.07, 1.07, 1.11, 1.11, 1.15, 1.15, 1.23, 1.23, 1.16, 1.16, 1.19, 1.19, 1.22, 1.22, 1.22, 1.22, 1.28, 1.28, 1.14, 1.14, 1.12, 1.12, 1.11, 1.11, 1.10, 1.10, 1.10, 1.10, 1.09, 1.09, 1.08, 1.08, 1.07, 1.07, 1.08, 1.08, 1.06, 1.06, 1.06, 1.06, 1.05, 1.05, 1.04, 1.04, 1.04, 1.04, 1.03, 1.03, 1.02, 1.02
1.04, 1.04, 1.06, 1.06, 1.06, 1.06, 1.10, 1.10, 1.17, 1.17, 1.15, 1.15, 1.08, 1.08, 1.07, 1.07, 1.11, 1.11, 1.15, 1.15, 1.23, 1.23, 1.16, 1.16, 1.19, 1.19, 1.22, 1.22, 1.22, 1.22, 1.28, 1.28, 1.14, 1.14, 1.12, 1.12, 1.11, 1.11, 1.10, 1.10, 1.10, 1.10, 1.09, 1.09, 1.08, 1.08, 1.07, 1.07, 1.08, 1.08, 1.06, 1.06, 1.06, 1.06, 1.05, 1.05, 1.04, 1.04, 1.04, 1.04, 1.03, 1.03, 1.02, 1.02
1.04, 1.04, 1.06, 1.06, 1.06, 1.06, 1.10, 1.10, 1.08, 1.08, 1.07, 1.07, 1.06, 1.06, 1.05, 1.05, 1.11, 1.11, 1.15, 1.15, 1.23, 1.23, 1.16, 1.16, 1.19, 1.19, 1.22, 1.22, 1.22, 1.22, 1.28, 1.28, 1.14, 1.14, 1.12, 1.12, 1.11, 1.11, 1.10, 1.10, 1.10, 1.10, 1.09, 1.09, 1.08, 1.08, 1.07, 1.07, 1.08, 1.08, 1.06, 1.06, 1.06, 1.06, 1.05, 1.05, 1.04, 1.04, 1.04, 1.04, 1.03, 1.03, 1.02, 1.02
1.04, 1.04, 1.06, 1.06, 1.06, 1.06, 1.10, 1.10, 1.08, 1.08, 1.07, 1.07, 1.06, 1.06, 1.05, 1.05, 1.11, 1.11, 1.15, 1.15, 1.23, 1.23, 1.16, 1.16, 1.19, 1.19, 1.22, 1.22, 1.22, 1.22, 1.28, 1.28, 1.14, 1.14, 1.12, 1.12, 1.11, 1.11, 1.10, 1.10, 1.10, 1.10, 1.09, 1.09, 1.08, 1.08, 1.07, 1.07, 1.08, 1.08, 1.06, 1.06, 1.06, 1.06, 1.05, 1.05, 1.04, 1.04, 1.04, 1.04, 1.03, 1.03, 1.02, 1.02
1.04, 1.04, 1.06, 1.06, 1.06, 1.06, 1.10, 1.10, 1.08, 1.08, 1.07, 1.07, 1.06, 1.06, 1.05, 1.05, 1.11, 1.11, 1.15, 1.15, 1.16, 1.16, 1.14, 1.14, 1.19, 1.19, 1.22, 1.22, 1.22, 1.22, 1.28, 1.28, 1.14, 1.14, 1.12, 1.12, 1.11, 1.11, 1.10, 1.10, 1.10, 1.10, 1.09, 1.09, 1.08, 1.08, 1.07, 1.07, 1.08, 1.08, 1.06, 1.06, 1.06, 1.06, 1.05, 1.05, 1.04, 1.04, 1.04, 1.04, 1.03, 1.03, 1.02, 1.02
1.04, 1.04, 1.06, 1.06, 1.06, 1.06, 1.10, 1.10, 1.08, 1.08, 1.07, 1.07, 1.06, 1.06, 1.05, 1.05, 1.11, 1.11, 1.15, 1.15, 1.16, 1.16, 1.14, 1.14, 1.19, 1.19, 1.22, 1.22, 1.22, 1.22, 1.28, 1.28, 1.14, 1.14, 1.12, 1.12, 1.11, 1.11, 1.10, 1.10, 1.10, 1.10, 1.09, 1.09, 1.08, 1.08, 1.07, 1.07, 1.08, 1.08, 1.06, 1.06, 1.06, 1.06, 1.05, 1.05, 1.04, 1.04, 1.04, 1.04, 1.03, 1.03, 1.02, 1.02
